100    510.088    603.723  24.6044
100    152.162     28.151  19.7335
100    190.218    212.788  25.1048
100    513.336    198.529  25.7253
100     77.343    648.117  24.8432
100    560.881   -162.887  25.8568
100    762.431    464.398  25.5996
100    448.974     91.239  25.1394
100     96.912    173.447  24.7489
100    263.994    966.118  19.3830
100    401.415    374.210  25.9991
100   1100.732    615.395  25.2536
100     70.078   1153.609  25.9804
100    536.208    549.241  24.6597
100   1009.129    676.133  21.3447
100    679.589    387.689  18.3264
100   1024.155   1060.937  24.5602
100    324.741     -0.369  24.5787
100      4.968    465.072  22.4187
100    933.940    872.203  25.9781
100    725.573    719.884  25.0468
100    276.258    486.962  24.5888
100   1176.159    493.057  25.2594
100    555.726    244.313  25.1878
100   1140.308   1035.277  25.5907
100    686.663   1207.877  23.8707
100   1091.813      7.829  25.4006
100    682.053    502.719  23.4065
100    -51.794   1073.922  24.3723
100   -162.471     -7.798  24.4686
100    812.321    687.693  24.0866
100    811.053   1125.113  24.1385
100    -93.938    554.367  25.8184
100    331.154   1057.418  25.8801
100    505.277    948.327  24.6514
100   1022.626    961.486  24.4051
100    417.549     20.669  22.8208
100    936.677    202.220  23.3168
100    -91.715    765.096  23.8221
100    286.780   1204.150  24.9502
100    386.021    145.616  24.8445
100    -66.425    278.694  20.1722
100    992.839   -192.822  22.6793
100    778.817    931.482  25.7921
100    932.366   1074.180  25.1498
100    465.024   1108.674  25.9460
100    529.458     85.666  22.2969
100    432.329    943.539  24.9832
100   1070.291    155.560  22.1464
100    413.979     81.443  25.4446
100    497.180    186.196  23.6681
100    787.475     95.342  25.7435
100    329.428    137.358  23.7274
100   1150.117   1221.395  24.0558
100    219.474   1118.711  25.8560
100     60.760    434.869  24.4618
100    529.742   1082.124  24.1276
100   -149.793    -37.491  24.6035
100   1153.921    580.022  22.3212
100    272.791    168.774  25.7769
100   1081.733   -106.215  18.1941
100    191.885    960.219  24.6394
100     12.749    947.318  24.9095
100    650.726    -10.650  21.8654
100   1056.755    292.855  25.3368
100    582.046    -18.073  24.1442
100    714.872    -54.597  25.1980
100    276.261    475.095  19.3312
100    -25.172    589.754  22.5976
100   1143.747    183.553  18.9558
100    425.830   1042.476  19.0411
100    562.656    397.934  24.4520
100    349.877   -120.740  22.1411
100    285.661    173.231  24.8628
100    838.891     28.277  25.3714
100    582.643   1034.250  25.0571
100    977.761    908.173  25.1346
100     10.406   -142.135  25.8000
100    729.105    238.509  22.7406
100    432.095    307.947  23.1315
100    391.290    -70.247  24.7777
100    263.718    283.665  23.3196
100    497.562    116.999  25.7873
100    162.728    670.108  21.2604
100     74.948   -178.222  25.0190
100    730.123     61.316  25.6824
100    174.689    773.912  24.8707
100    973.428   -121.839  25.7884
100    385.422    540.353  25.3128
100     47.558   -103.047  24.6406
100    298.781     65.688  23.3374
100    632.154   1179.539  24.0876
100    683.966     61.985  24.3284
100   1088.704    341.237  25.6913
100    958.494   1171.448  19.7741
100    643.614    865.104  25.9055
100    839.088    219.208  25.6873
100     71.815    236.593  25.9259
100    752.628    -77.553  24.9323
100    897.470    994.184  25.9582
100     18.770    942.513  25.1425
100   1158.757    519.773  22.9912
100    730.397    735.898  25.1887
100    102.429   1099.860  25.0420
100    142.476    425.240  25.2095
100     30.295    915.171  24.5315
100    964.392    365.545  24.8323
100   1139.025    953.464  25.4014
100    472.164    519.348  21.1966
100   1031.964    342.746  23.2321
100    191.287    597.812  23.9632
100    425.430    404.335  24.6183
100    650.019    238.254  24.9045
100    641.092    597.169  24.3306
100    800.322    819.883  25.6117
100   1111.635    -78.094  23.8257
100    133.874    844.581  25.4859
100   1000.241   1088.760  25.7607
100   1013.588    118.546  25.3073
100   1082.835    920.954  22.3196
100    949.187    646.071  25.1583
100   1192.422    440.105  22.0144
100    786.010     -4.208  25.3860
100    777.840    829.931  19.2754
100    128.030    778.529  25.7076
100    989.811    756.629  25.2743
100    734.827   1141.485  25.5303
100     29.512   -192.255  24.2477
100   -168.476    120.274  22.7755
100    972.506    550.209  24.4000
100   1049.146    757.536  24.0200
100   -170.298     -4.819  25.6491
100    955.292    484.749  24.0116
100    449.596    612.015  22.0875
100    714.862    154.831  23.5874
100    537.662    791.851  22.4670
100    536.775    896.248  25.3554
100    322.783   1077.799  22.4953
100    756.947    194.484  19.1479
100    859.519    837.632  25.6544
100    512.430   -154.513  20.3707
100    532.891    438.041  25.5050
100    447.999    939.184  25.8626
100    647.961   1176.614  25.5859
100    846.102    256.888  24.6118
100    568.770   -113.168  25.6325
100    104.957    649.395  24.4581
100    158.969    827.040  25.1656
100   1212.137    845.900  24.2933
100    561.600    275.496  25.3603
100   -146.124    234.337  20.5254
100     -4.076    121.175  25.4769
100   -155.336    703.882  24.2313
100    230.471    173.411  25.9967
100     42.450    230.637  25.0997
100    943.473    285.440  23.6237
100    167.222    696.160  25.5935
100    358.509    443.871  25.1903
100    -98.619   1128.772  25.5897
100   1177.005   1054.726  25.3936
100    922.481    684.411  25.2617
100    813.722   1050.827  21.5661
100    560.262    384.642  23.8433
100    503.716   -169.155  25.3782
100   1137.888   -131.056  24.8691
100    181.219   1163.523  24.6522
100   -144.164    548.274  24.1293
100    569.718   1089.749  25.9293
100    414.034    825.624  23.6869
100      1.482    624.940  25.8606
100    879.142   1023.124  25.7088
100   1012.343    296.130  25.7077
100    869.959    365.865  25.3725
100    554.678    348.648  24.3634
