100    445.365    121.666  25.0989
100    389.418   1183.415  24.3904
100    148.626    527.192  17.7503
100    699.008    320.230  19.2580
100    230.687    979.777  24.3615
100    496.169    -38.050  25.4175
100   1063.181    153.973  25.7607
100    264.280   1221.253  25.6340
100    330.658   1101.159  25.2802
100    304.774    211.691  25.7796
100    702.777    851.370  25.6546
100    205.607    -79.431  25.0061
100    -43.320    966.029  23.6007
100   1178.322   1153.315  24.9945
100    411.188    982.962  23.8603
100   1183.503   -109.660  23.9711
100    379.985    307.862  22.2484
100    694.025   1098.158  25.0980
100    569.298   1066.807  21.4188
100    866.126    119.514  25.7901
100    347.951    183.750  22.5912
100    720.566   1060.893  24.1632
100    901.802    714.989  24.8444
100    498.030     65.036  21.5199
100    763.456    851.450  20.9376
100    -89.076    131.219  22.4134
100   -113.606      0.730  25.6110
100    235.958   -128.568  23.9713
100   1020.867   1093.295  24.7186
100   1173.485    670.066  24.9663
100    491.251    628.841  24.0971
100   -120.602    288.084  25.2480
100    231.386    954.237  25.9852
100    564.488    397.267  23.3771
100    986.542    756.483  23.8579
100     53.553   1009.246  24.8630
100    164.642    287.172  24.2928
100     86.763   1133.620  19.9062
100    -62.514    294.303  25.0676
100   -185.156   -145.917  19.0546
100   -180.604    770.367  25.7139
100    514.536     -7.567  25.3583
100   1152.188    945.566  20.6657
100    816.358    592.874  20.2340
100    937.236    785.911  17.5168
100   1112.473    308.118  21.6453
100    940.320    513.492  25.6778
100    639.257     89.912  21.0178
100    269.151   -194.598  25.9263
100    -68.550   -137.571  19.4751
100    264.064    902.746  21.1805
100    728.314   1052.090  22.3970
100    800.410    439.673  20.9933
100    166.121   1160.873  22.7040
100   -101.917      2.855  22.0798
100   1038.124    684.703  23.6546
100    625.618   1127.071  23.9318
100    -85.912    806.171  21.6539
100    -24.032    880.168  25.2341
100   -183.319    -84.553  25.7065
100     43.773   -145.062  24.7007
100   1031.068    -26.940  23.6613
100    445.903    -75.526  23.9832
100    110.260    319.999  24.8679
100   -129.514     44.790  18.9051
100    676.777   1158.437  24.4272
100    -10.194    880.031  22.3320
100   -193.079    -28.613  23.8820
100   -154.170    930.099  24.7292
100   1114.663    644.585  24.4291
100     -0.609   1110.666  25.3360
100     18.740    625.203  25.7426
100    715.234    855.794  23.7626
100    136.820    -79.368  25.5612
100    -78.421    942.869  24.0539
100   1021.632    277.887  24.0031
100    842.706    -33.890  25.7712
100    984.914   1199.257  25.7488
100   1040.258    452.219  22.8669
100    589.670    867.165  22.1897
100    -37.040   1141.328  24.5298
100    194.009    711.322  25.6163
100   -119.253    216.808  24.4686
100    714.728    283.632  25.8565
100   1188.174    478.763  25.1704
100    -53.788    -62.394  25.4271
100    303.357    860.330  17.3810
100    846.174    450.518  21.6909
100    988.233    153.797  20.8365
100   1102.452    686.181  23.1205
100    493.090   1023.683  25.5193
100    340.319    994.449  22.8738
100    869.697    368.169  25.1940
100   1137.537    125.132  25.9862
100     18.903    465.867  24.5539
100    149.038    504.291  23.1926
100     73.053    697.712  25.7611
100    958.447      4.283  24.9555
100    698.247    450.310  24.1002
100    643.544     46.812  25.6727
100   -177.939    946.689  23.4688
100    239.756    555.468  25.7527
100    511.806    -79.691  25.7423
100    921.563    627.685  22.2882
100     -0.270    -72.928  25.9008
100    378.273    867.348  25.5544
100    711.240     90.284  25.2908
100   -117.119    835.445  21.5937
100    -21.974   1054.252  25.3029
100    861.853    437.050  25.2318
100    805.762   1051.590  23.1848
100   1103.008    264.737  25.0956
100    294.236    299.200  23.6681
100    434.878    771.731  25.3268
100   -192.427   1049.592  25.4405
100    814.131   -171.383  25.4394
100    402.032    971.147  22.7094
100    774.009    998.147  23.5585
100    550.638    759.746  25.0999
100    270.234    881.679  24.3179
100    731.866    553.956  22.9927
100    703.333   1086.521  18.3665
100   1084.708     21.974  22.6509
100    830.963    419.896  25.3029
100   1188.532    340.587  25.5946
100    673.807   1192.828  25.5804
100    143.862    913.541  22.7770
100    718.502   -101.784  22.3417
100    386.526    504.221  25.4518
100    680.307    195.004  23.9857
100    742.299    735.257  22.7500
100    215.306    140.406  24.8793
100   1209.630   1143.574  23.4883
100    901.690    849.258  24.3746
100    295.363    479.931  25.8252
100    866.734    784.752  19.8422
100    125.496    -49.228  25.9105
100   -194.860   -185.494  23.2586
100    974.799    286.550  25.6301
100    -96.100    202.415  25.1176
100    648.160    113.268  25.6616
100    503.137    133.029  22.8646
100    389.424    658.505  22.9161
100    863.471    -44.376  25.0915
100    894.695    370.901  21.5159
100    445.428      0.598  25.4801
100     -1.821     25.323  24.5307
100    321.352    132.050  25.4813
100    179.060    768.127  25.9229
100     74.914    781.414  23.4078
100    940.895   -135.059  25.8615
100    243.211    994.830  25.4741
100   1000.220    583.568  24.0400
100     18.253   1197.616  25.7680
100    623.763   1145.977  22.6021
100    903.778    483.820  24.8327
100   1039.034   1152.219  25.6515
100   1126.970    904.013  25.9110
100    695.391    948.090  25.7808
100   -171.983   -136.013  25.9115
100    354.541    857.269  19.6946
100   1054.316    817.557  24.4004
100     20.357    757.633  24.2389
100    929.439    292.028  25.1363
100   1126.219   1119.033  17.2413
100    974.265   -133.754  24.1028
100    783.272    -54.331  24.6302
100    653.062     -1.683  22.0829
100    556.965    967.449  21.4091
100    287.886    250.782  22.9239
100    496.425   1197.483  19.4012
100    182.387    452.008  25.3720
100    244.599    885.017  24.8227
100     52.031    764.663  22.1592
100    912.951    715.116  25.8887
100    757.101    873.483  25.4344
100    869.599    -39.798  21.2743
100   -161.375   -103.788  25.0012
100    533.474    415.085  25.0888
100    954.244    849.712  25.1857
100    -22.483    732.003  18.7055
100    770.008    827.212  24.8287
100    641.465   1189.358  24.9045
100    689.010    817.553  23.3593
100   1085.235    310.948  24.6804
100    671.949     -1.941  18.8099
100   1053.891    759.853  24.9986
100    944.170   1011.257  22.6158
100    868.043   1074.077  24.9414
